P1 4.747368672752627 1.050596107862133 4.9167968062447205

P2 6.9513573227803604 9.967882617474435 2.419446032665812

P3 3.4175705396455154 8.662478842880722 2.0972765081897364

P4 6.895960573938513 9.847513575974833 6.054562238023476

P5 7.428791790949084 8.780089279728468 2.5919433566392573

P6 9.001291376329831 7.7905465910729434 4.981162398439895

P7 6.750886029777509 9.311908276536489 8.228901842068623

P8 1.267587914450998 5.0126515716602675 2.1280925025566386

P9 2.6548891105399486 6.955802027682617 6.121487275088264